name: MSC_env
channels:
  - pytorch
  - conda-forge
  - defaults
dependencies:
  - blas=2.119=mkl
  - blas-devel=3.9.0=19_win64_mkl
  - brotli-python=1.1.0=py311h12c1d0e_1
  - bzip2=1.0.8=hcfcfb64_5
  - ca-certificates=2023.7.22=h56e8100_0
  - certifi=2023.7.22=pyhd8ed1ab_0
  - charset-normalizer=3.3.2=pyhd8ed1ab_0
  - cpuonly=2.0=0
  - filelock=3.13.1=pyhd8ed1ab_0
  - freetype=2.12.1=hdaf720e_2
  - idna=3.4=pyhd8ed1ab_0
  - intel-openmp=2023.2.0=h57928b3_50497
  - jinja2=3.1.2=pyhd8ed1ab_1
  - lcms2=2.15=h67d730c_3
  - lerc=4.0.0=h63175ca_0
  - libblas=3.9.0=19_win64_mkl
  - libcblas=3.9.0=19_win64_mkl
  - libdeflate=1.19=hcfcfb64_0
  - libexpat=2.5.0=h63175ca_1
  - libffi=3.4.2=h8ffe710_5
  - libhwloc=2.9.3=default_haede6df_1009
  - libiconv=1.17=h8ffe710_0
  - libjpeg-turbo=3.0.0=hcfcfb64_1
  - liblapack=3.9.0=19_win64_mkl
  - liblapacke=3.9.0=19_win64_mkl
  - libpng=1.6.39=h19919ed_0
  - libsqlite=3.44.0=hcfcfb64_0
  - libtiff=4.6.0=h6e2ebb7_2
  - libuv=1.44.2=hcfcfb64_1
  - libwebp-base=1.3.2=hcfcfb64_0
  - libxcb=1.15=hcd874cb_0
  - libxml2=2.11.5=hc3477c8_1
  - libzlib=1.2.13=hcfcfb64_5
  - m2w64-gcc-libgfortran=5.3.0=6
  - m2w64-gcc-libs=5.3.0=7
  - m2w64-gcc-libs-core=5.3.0=7
  - m2w64-gmp=6.1.0=2
  - m2w64-libwinpthread-git=5.0.0.4634.697f757=2
  - markupsafe=2.1.3=py311ha68e1ae_1
  - matplotlib-inline=0.1.6=pyhd8ed1ab_0
  - mkl=2023.2.0=h6a75c08_50496
  - mkl-devel=2023.2.0=h57928b3_50496
  - mkl-include=2023.2.0=h6a75c08_50496
  - mpmath=1.3.0=pyhd8ed1ab_0
  - msys2-conda-epoch=20160418=1
  - networkx=3.2.1=pyhd8ed1ab_0
  - numpy=1.26.0=py311h0b4df5a_0
  - openjpeg=2.5.0=h3d672ee_3
  - openssl=3.1.4=hcfcfb64_0
  - pip=23.3.1=pyhd8ed1ab_0
  - pthread-stubs=0.4=hcd874cb_1001
  - pthreads-win32=2.9.1=hfa6e2cd_3
  - pysocks=1.7.1=pyh0701188_6
  - python=3.11.6=h2628c8c_0_cpython
  - python_abi=3.11=4_cp311
  - pytorch=2.1.1=py3.11_cpu_0
  - pytorch-mutex=1.0=cpu
  - pyyaml=6.0.1=py311ha68e1ae_1
  - requests=2.31.0=pyhd8ed1ab_0
  - sympy=1.12=pyh04b8f61_3
  - tbb=2021.10.0=h91493d7_2
  - tk=8.6.13=h5226925_1
  - torchvision=0.16.1=py311_cpu
  - traitlets=5.13.0=pyhd8ed1ab_0
  - typing_extensions=4.8.0=pyha770c72_0
  - tzdata=2023c=h71feb2d_0
  - ucrt=10.0.22621.0=h57928b3_0
  - urllib3=2.1.0=pyhd8ed1ab_0
  - vc=14.3=h64f974e_17
  - vc14_runtime=14.36.32532=hdcecf7f_17
  - vs2015_runtime=14.36.32532=h05e6639_17
  - wheel=0.41.3=pyhd8ed1ab_0
  - win_inet_pton=1.1.0=pyhd8ed1ab_6
  - xorg-libxau=1.0.11=hcd874cb_0
  - xorg-libxdmcp=1.1.3=hcd874cb_0
  - xz=5.2.6=h8d14728_0
  - yaml=0.2.5=h8ffe710_2
  - zstd=1.5.5=h12be248_0
  - pip:
      - contourpy==1.2.0
      - cpython==0.0.6
      - cycler==0.12.1
      - cython==3.0.5
      - dnspython==2.4.2
      - fonttools==4.44.1
      - imageio==2.32.0
      - kiwisolver==1.4.5
      - lazy-loader==0.3
      - matplotlib==3.8.1
      - opencv-python==4.8.1.78
      - packaging==23.2
      - pillow==10.0.1
      - pycocotools==2.0.7
      - pymongo==4.6.0
      - pyparsing==3.1.1
      - python-dateutil==2.8.2
      - scikit-image==0.22.0
      - scipy==1.11.3
      - setuptools==57.5.0
      - six==1.16.0
      - tifffile==2023.9.26
prefix: C:\Users\new_user\.conda\envs\MSC_env
